9092668161274218996463727812746905780405840284983664555419412859360918123048357959175919484052596452
9027336640544606463949063781912597739224038825138909094428049923732235644203184700785152739927631162
5347558865076187874809823203052882636847887936963419731927233811445967899492489313768116029823342284
2175769489353646053151261059653213435192305196410941794989847824048773955412914525661759025036770195
7982721689654203907903449830601869989542361351025090070509533344121985581743765405578945789680313061
1584667565801131146996548963384543995900597032893607177152794526541120223239253668462700952000209974
5329276029015125678814548416067338427573566139625677458866586699807250038533864740354089238906871564
4335584612895529243743224018892044125982411451448564881475177832088304875708795034788105144243624898
3004264666285595446483084524329408969175388079558558723264083188483953778150559330629673200829417259
3697925038685455047600104739777378059022093569984640822399779567792239598662085811314805484889405166
5281835610933106219152875144276695933739660548787666116985469505547946707957393211854955699786032684
5355483701585340761208150045401171403543141122746479238070285781907220721529634928277534029817439030
9225009956910457022217136118826565243868435214151659213739970877120283740475847581441528517713545979
8257292540813842873990879539901631487980365266734843101590140878366229955234898080301131319902459108
1940915735747141883769267376350344463625917239563623656598322001220330440289921071031231814815018923
1913191236097086065273633945980705278615769955606990409058618900156027245925184428367010278434878606
6292102319392867821584398330641317949146069273649552988598769020214902134703691097567207988227053015
4054132540727005792880816290039594281388461580417615915179397087560580849972126168567074430687600425
8843416034475110244017253438679247500674435645202405438951902672984430544482783373593903090668976657
4540139694057387026882652971268866477103113888200835752284586485549173515293709411933541615644912150
8830591122819444108306561325314267821727831055844568207558033432739266259960949531309424576981920616
2401783221667221597700112509964304269348142773707083544400710434925537549713566681147909317975218327
7803954465983494221614769610655375364618391505235116313623193972662987531859001287884832178966340239
6871900185942353435043902262464373812432539191196073065116462151421304089648456486372301368824632739
6594014261077491613756160959096453791121189538489843711145528368604174840221760253615426914989960189
5601439150322630440426938110814234391410540114990595402117596718209737329669596289338188648556508379
5768524595751567777582531121073840640364270099638447297152541774462632408717060278408953860061188341
5566312437426363246607746355540888120965380740433747908076504210926676304908333728242190570148314093
4915610952286236019413391471271526848915706178295480962378875398295623611159736046443514352208894178
7029826127141096909817854497057432440341634014150409189654708347382889048804307602733893412233386558
3665671663933657591800244589018587308143634075837263665016202474449973607600769797353000642717672288
4390920867961811252782086592548388924742387584010744523354041526021689373879200597527262678608976195
1383140285989324902653692301607479265210536765825085443206787888183882771698499046925090324131582344
3061867487825925267891572012859237670819593961282551962731824762974298109148944626278949691473711528
2681128254468811458665312273332968310213482846177595744316660817881887629092764543568619121975020753
5550808105104949499715293218433723442959573194996693084083637233024609258122144164205829632872899994
1238056354766742838789919310010805783695422017011484568405375550212756526138319341228860680507486633
2728616252453105668137198589977153951765448899332746072543605580598764248751898848389666202059974620
7557838340325652716965051528605104385395207681461387280274777575610852019522188981053104810542782314
4290607278346209158486742047663333521210835289886493121302258907363293470514563069806851444481339602
5555610044963237358994478982549428427822923016078114213717847787119737007484079564397162114468051431
4700493496674931266155511235139594258639182547396970155892400181675365390253545021830404074859056010
9469137633464502863628634626651506632843258549277744244484615679340913509765836967903051453070840486
4197947299113467775127047502882215101756799380680131898708947258841307780858740411275840132053599660
2436432296549658123489908956883619712109597478329513508046442305874573701423875398522327271415088280
8223367952439690930109994128587787462895175765707866872584538564544179440464444920595758059439304533
6939942118302415203249681071693399794658035753983947587375143112457754163148863619243495687532792629
5458199368009317873705428886447097858844301744331500817819672944833766742552641758128245849602059018
9596953521649284085425972295844937975069969141239070611736880364182281255448270861087387093238289392
4244167757733140781184568557777350541586732019325243001456267004361590671723334004285274121139545780
4391483722616566539154476645209886635363999163036461164513731324169871050463199568823168750031756219
9134982651499452108273743995928808243273366338040365849609331637627661874612957864969368231401904139
2786062272294817177007591007913563714456299559157008187051733923274835941354474745879671438623088249
2475087868924317640138116520870038134527353143000219809444499511972917054407955121631100173580926327
4837342128820118547041025300547750915259284043615296123998921743496250116834534590862357753710461527
3318024661459806412550306809868581934213979266446595642197810264501915572269965873737341313612262159
8670802605919392365381638893574290385163536034086062365494978390863860891964721821006602037933087844
2903174966097379505029825608613900499622587196319694127056558493469905746138867276493115426786372277
1666190398843714806795548599231345486359899114542356194960339302008243698645467006073592393314119825
1974106255670266273972209802831982621765115835284630757535044843947838509718962910608485420603036886
6824253280171829103890435284973605579992473293490045496797498483839350388556528308139897776629430568
5962412659446095915371678461102450932132404248531121580149594037403586769009111926945157987317736130
7289645654265185520012610637055973853756889531714153018761461828460630708517907853232541758157612690
9030659009133954584218124736099431003728483875327944020149328755040391079145547254278553677934067192
6094903447023101128909951241286010814856077854808792917446420943671284912822367502920909490139450781
8280409479967303256342099448141582403099729513301077464348763088025997742170530138048962906460055860
3178810327803943570320909057950975484310586541640333726454374327862705723773569061924234674709692689
4640459058264905537055488861077696854206944016315039794950309366254606197544965902859718868954502489
9997194569495943706516116086683500470311001711093239909276631307541093660194056865764672196473340783
5762507171930737744123946742676673426516345495232972809041794561790703905503098671472546556167590438
2752233903409161622924280898191711686917993438099882285835655765580307654893701915422354603098216306
2413200624889756237876963140691066559326360408566741819855126728913361753155171610062491705467629548
3706121311427188944652412131773864285692445548144618815966631132490737213236804398373692160596650328
3417052072122327595590919575500623046532861880573862284115734638006973237162166999999574058560475251
3002810086295779586678163790705607634299084235647627706030827367570544948787960366056541148213888564
9620681379879744966436323747495555891824055722140636726100541097796141119995960209388439489363156650
8408229336235654315577848141523232790887737567716378140309666322017466428416875484603523213242044509
1139641932880373372019249471524820404222753203026724730364277466177889595438858445626900064318634371
6861495570682556892973862260503963076183951888434772853103586675478631023862598396394250557744031036
2146157947767087964308372953429527620071413443010069380536384773316280028451971259528533389593980922
4525208917544300513231722103720578399214187190797332534681136879609855294264284310073884440044349366
3812669331343168925155810211301411952806853791116932964034953655655913516528864053554967062365571044
8807100560922680679351208873973217925078779837065872919244976929130448443046891516017353084250988584
5900481017648072609007470776957844221557279080516326572873578720226992119387204696826445442538979179
6361578786855759227043018811929589906427820004424918625809471018765780838698010013397050149524939832
1718177246590403111728678251397518975514791450244853401565452028542396475422241863112372144285844188
2544786836035356595955791445473268209532465156856349039019009500141688086810489161313544842004232057
4403594878552387822152496855867554114434697338867165042636922577455053863833935892881549944190212637
9947363597670996535122863320650621109874560475885262332478281233697772861195695667460881516217788487
7553308873272444929429289886116565626104435654904925449573506491135171544655922416062692190372363000
2767718491309627441751157424234017036661384374657456734204811850826436884887023379917752024889173557
3287574010611525520916884929160412133355376162630695310965925111262108386726551801871297332319090044
4955479332594021644521769999596313828986519978842314352669495749680381699550126573848706794935971323
7781200337859991455663935602374531495425985499667005802505623537296437369443074807142574282981662184
3236315804457180808329948575147357522684478147492958836387049925364162569660289624715102122898115515
5159443143948259214281961834408782434750541250995727541356124115868457037353346552454653312003200418
8786729159436177900356582653375944537557763990217471402997281476012451568888963045968814136015213272
4192515181745633246842599588860722018583149626197236525736826361252301026149446658925447211302761591
9917613539139221856780493697198467450283785471855044364072857320644877126404034990429278832959227038
4626931057865252094831707957444710658122637198845109842409497506307625370931075581079818071876233960
